 0.000E+00   0.000E+00
 1.000E-01   7.098E-03
 2.000E-01   1.188E-02
 3.000E-01   1.432E-02
 4.000E-01   1.515E-02
 5.000E-01   1.530E-02
 6.000E-01   1.525E-02
 7.000E-01   1.490E-02
 8.000E-01   1.454E-02
 9.000E-01   1.426E-02
 1.000E+00   1.398E-02
 1.100E+00   1.354E-02
 1.200E+00   1.262E-02
 1.300E+00   1.165E-02
 1.400E+00   1.077E-02
 1.500E+00   9.926E-03
 1.600E+00   9.134E-03
 1.700E+00   8.356E-03
 1.800E+00   7.515E-03
 1.900E+00   6.703E-03
 2.000E+00   6.002E-03
 2.100E+00   5.417E-03
 2.200E+00   4.851E-03
 2.300E+00   4.282E-03
 2.400E+00   3.708E-03
 2.500E+00   3.137E-03
 2.600E+00   2.598E-03
 2.700E+00   2.184E-03
 2.800E+00   1.801E-03
 2.900E+00   1.592E-03
 3.000E+00   2.127E-03
 3.100E+00   3.918E-03
 3.200E+00   6.645E-03
 3.300E+00   8.184E-03
 3.400E+00   9.683E-03
 3.500E+00   1.070E-02
 3.600E+00   1.208E-02
 3.700E+00   1.484E-02
 3.800E+00   1.626E-02
 3.900E+00   1.681E-02
 4.000E+00   1.729E-02
 4.100E+00   1.740E-02
 4.200E+00   1.752E-02
 4.300E+00   1.779E-02
 4.400E+00   1.751E-02
 4.500E+00   1.674E-02
 4.600E+00   1.659E-02
 4.700E+00   1.727E-02
 4.800E+00   1.817E-02
 4.900E+00   1.855E-02
 5.000E+00   1.867E-02
 5.100E+00   1.891E-02
 5.200E+00   1.914E-02
 5.300E+00   1.888E-02
 5.400E+00   1.844E-02
 5.500E+00   1.716E-02
 5.600E+00   1.588E-02
 5.700E+00   1.577E-02
 5.800E+00   1.611E-02
 5.900E+00   1.594E-02
 6.000E+00   1.572E-02
 6.100E+00   1.573E-02
 6.200E+00   1.568E-02
 6.300E+00   1.556E-02
 6.400E+00   1.552E-02
 6.500E+00   1.509E-02
 6.600E+00   1.465E-02
 6.700E+00   1.431E-02
 6.800E+00   1.389E-02
 6.900E+00   1.354E-02
 7.000E+00   1.317E-02
 7.100E+00   1.224E-02
 7.200E+00   1.122E-02
 7.300E+00   1.008E-02
 7.400E+00   9.086E-03
 7.500E+00   8.235E-03
 7.600E+00   7.510E-03
 7.700E+00   6.844E-03
 7.800E+00   6.242E-03
 7.900E+00   5.663E-03
 8.000E+00   5.110E-03
 8.100E+00   4.689E-03
 8.200E+00   4.299E-03
 8.300E+00   3.946E-03
 8.400E+00   3.632E-03
 8.500E+00   3.327E-03
 8.600E+00   3.029E-03
 8.700E+00   2.756E-03
 8.800E+00   2.500E-03
 8.900E+00   2.247E-03
 9.000E+00   1.987E-03
 9.100E+00   1.719E-03
 9.200E+00   1.444E-03
 9.300E+00   1.172E-03
 9.400E+00   9.429E-04
 9.500E+00   7.145E-04
 9.600E+00   5.339E-04
 9.700E+00   4.802E-04
 9.800E+00   4.314E-04
 9.900E+00   3.814E-04
 1.000E+01   3.303E-04